#~TAFEL_NEU
1
96.000000   
48.000000   

ST-006
0.060000    
2.5
ST-006-0960x0480
1
2
#~END

#~6


#~END

#~4
*TAFEL*
Z:\Workfiles\User1\JOB-TAF\Ben\Example.TAF
1.000000    
ToPs INTAKT
0.391000     0.391000    

"L49" 1 "Sin 840D" 1
28.02.2024 21:27:53


X
0.000000    
0.375000     0.375000     0.375000     0.375000    
2
1
1.000000     0.000000     0.000000     0.000000    
0.000000     1.000000     0.000000     0.000000    
0.000000     0.000000     1.000000     0.000000    
0.000000     0.000000     0.000000     1.000000    
##~~
#~END

#~7
#~72
0.000000    
##~~
#~73
SSHEETLOADSTRATEGY=-1
##~~
#~END

#~2
Z:\Workfiles\User1\GEO\JIG-P0-8001-HLF.GEO
1
1
3
48.903411    35.787063   
63.903411    38.037063   
0
1.000000     0.000000     0.000000     0.000000    
0.000000     1.000000     0.000000     0.000000    
0.000000     0.000000     1.000000     0.000000    
48.903411    35.787063    0.000000     1.000000    

##~~
28.852929    39.204759   
43.852929    41.454759   
0
1.000000     0.000000     0.000000     0.000000    
0.000000     1.000000     0.000000     0.000000    
0.000000     0.000000     1.000000     0.000000    
28.852929    39.204759    0.000000     1.000000    

##~~
9.509209     9.745426    
20.874623    22.521668   
0
0.642788     0.766044     0.000000     0.000000    
-0.766044    0.642788     0.000000     0.000000    
0.000000     0.000000     1.000000     0.000000    
11.232809    9.584729     0.000000     1.000000    

##~~
#~END

#~2
Z:\Workfiles\User1\GEO\HEX-P1-9725-00_B.GEO
2
1
1
57.238925    4.496160    
78.091276    28.796427   
0
0.866025     0.500000     0.000000     0.000000    
-0.500000    0.866025     0.000000     0.000000    
0.000000     0.000000     1.000000     0.000000    
65.612146    4.496160     0.000000     1.000000    

##~~
#~END

#~2
Z:\Workfiles\User1\GEO\Ben\Example\HEX-P1-9005-00_B.GEO
3
1
3
0.395136     23.390251   
26.320509    47.625000   
0
0.866025     0.500000     0.000000     0.000000    
-0.500000    0.866025     0.000000     0.000000    
0.000000     0.000000     1.000000     0.000000    
8.042959     22.156721    0.000000     1.000000    

##~~
72.523486    29.179518   
95.161194    46.942226   
0
1.000000     0.000000     0.000000     0.000000    
0.000000     1.000000     0.000000     0.000000    
0.000000     0.000000     1.000000     0.000000    
72.523486    29.179518    0.000000     1.000000    

##~~
26.779362    6.734826    
51.014111    32.660198   
0
0.500000     0.866025     0.000000     0.000000    
-0.866025    0.500000     0.000000     0.000000    
0.000000     0.000000     1.000000     0.000000    
40.928788    5.407545     0.000000     1.000000    

##~~
#~END
#~EOF
